21.03,21.46,21.90,25.77,29.46,30.96,34.37
21.03,21.46,21.90,25.77,29.46,30.96,34.37
21.42,21.86,22.31,26.22,31.41,34.49,39.92
22.75,24.26,24.75,29.09,36.52,38.60,45.09
23.15,25.06,26.91,32.69,38.42,44.12,51.58
23.55,25.45,28.39,34.03,43.60,48.71,57.85
25.45,27.74,32.43,40.09,51.21,54.11,65.80
25.86,30.41,35.05,40.88,54.04,61.22,68.53
26.83,32.18,36.24,43.94,59.32,67.01,74.83
27.06,32.42,38.68,45.72,61.26,73.54,84.99
27.33,32.65,39.69,49.14,65.05,79.13,91.63
32.41,35.14,43.77,51.94,72.13,84.86,98.19
33.21,41.18,47.75,60.17,76.60,90.23,103.76
36.21,43.32,48.76,61.32,78.31,90.78,110.06
36.60,43.96,52.90,64.98,82.29,95.43,115.76
36.84,46.68,55.27,67.80,86.75,104.26,122.28
39.06,48.16,57.19,72.67,90.40,109.70,127.73
39.30,49.67,59.56,73.37,94.04,110.25,133.46
42.87,51.24,61.85,76.11,97.40,120.42,137.98
43.97,52.71,64.00,78.88,100.68,123.69,143.00
44.21,53.38,65.24,82.16,104.43,124.11,149.10
45.48,55.13,67.39,82.50,109.40,132.28,153.98
48.75,58.55,70.33,87.70,113.22,133.11,159.74
50.62,59.88,75.01,90.25,117.88,144.13,161.19
50.85,63.63,76.90,93.64,121.76,145.24,161.93
51.10,64.03,79.45,96.86,125.19,154.13,176.29
55.86,67.25,82.05,100.01,129.09,159.45,181.65
57.67,69.21,85.15,105.40,132.48,165.05,187.30
59.41,69.50,87.29,105.96,144.44,170.09,193.32
59.65,71.19,89.80,108.72,148.70,175.15,199.34
59.88,73.13,90.06,112.10,153.43,175.67,205.05
61.81,77.31,92.68,117.19,161.26,180.27,210.62
62.07,77.81,95.32,117.70,162.05,181.56,211.35
65.58,79.44,99.21,120.93,166.77,186.26,212.17
66.88,79.67,99.60,123.86,169.49,190.64,228.27
68.18,83.20,102.49,126.97,169.78,195.45,229.89
70.12,85.05,106.33,127.42,170.44,199.46,239.94
70.49,85.66,106.72,132.84,183.24,203.47,240.95
71.04,86.06,109.78,135.98,187.09,207.55,241.41
71.27,86.44,111.80,138.97,191.52,218.42,250.51
71.69,86.83,112.03,140.23,191.98,219.52,259.57
79.96,94.53,116.05,145.22,199.20,219.77,265.11
81.43,96.84,118.68,148.96,203.47,224.40,270.85
83.01,99.63,120.90,151.72,207.57,229.39,277.14
83.62,99.92,123.59,154.84,211.32,234.29,277.78
83.86,100.15,123.99,158.23,211.70,239.17,278.64
84.09,100.39,131.39,163.89,217.38,247.99,295.72
84.33,100.63,132.14,164.47,217.95,248.88,297.45
84.57,100.86,132.38,169.94,218.26,266.12,305.86
84.80,101.10,132.61,170.49,218.50,268.76,306.71
85.19,101.55,133.04,170.78,218.88,269.27,308.02
91.63,110.53,141.48,176.56,226.48,271.46,334.05
93.74,112.07,142.33,177.14,253.39,271.95,336.67
97.34,119.31,144.42,186.98,256.10,272.52,345.23
97.88,120.05,144.94,190.46,256.68,283.75,346.09
98.36,120.51,149.51,193.27,257.33,284.88,346.58
98.83,120.99,150.03,196.77,270.16,286.22,347.08
99.30,121.46,153.78,199.79,271.45,312.87,354.02
99.78,121.93,154.32,202.93,280.00,315.55,359.80
100.25,122.47,154.84,205.48,280.86,320.50,366.42
102.06,126.44,155.34,206.01,281.62,321.04,373.06
104.68,129.98,163.58,213.00,282.33,331.47,379.03
106.39,130.47,166.19,215.93,296.40,337.17,379.65
107.57,130.95,166.72,219.31,305.67,342.58,391.57
110.18,133.51,167.22,222.24,310.46,347.99,397.81
110.66,137.05,171.38,224.56,311.00,353.38,407.28
111.13,137.53,173.30,225.10,313.14,358.19,415.92
111.60,140.28,173.74,225.64,313.68,358.75,416.79
112.07,141.41,178.57,234.28,314.22,359.28,434.08
112.55,144.30,179.06,235.15,314.77,360.07,435.81
115.32,148.35,183.30,241.09,315.31,375.45,436.39
115.84,148.87,183.82,243.14,315.84,384.77,447.74
118.57,149.39,185.30,246.51,316.39,388.94,448.88
119.04,149.90,185.83,247.57,316.93,389.47,449.37
119.51,150.42,186.35,248.11,317.47,390.01,449.87
120.56,151.47,187.39,249.21,318.55,391.11,451.09
122.06,152.49,188.43,250.27,319.64,401.04,475.26
123.01,153.55,189.46,251.37,320.70,402.13,477.68
123.95,154.76,190.51,252.44,321.80,403.24,479.90
124.90,155.71,191.55,253.54,322.87,404.31,484.39
125.85,156.65,192.68,254.60,323.97,405.41,485.47
126.79,159.26,193.62,255.80,327.84,407.21,486.58
131.31,165.93,201.24,274.97,351.66,441.80,488.94
132.25,166.97,202.23,277.93,372.11,445.27,501.49
133.20,172.37,205.25,279.03,374.17,446.35,502.75
134.14,176.29,215.76,289.13,375.24,447.45,521.49
135.09,177.83,216.82,290.23,376.33,448.53,523.37
136.03,182.69,217.79,291.30,377.41,452.24,524.78
136.97,183.68,218.76,292.39,378.50,453.22,525.77
137.92,184.65,219.73,293.46,379.67,454.32,526.75
138.86,185.61,220.71,294.56,380.66,455.53,527.74
144.09,186.59,221.67,295.62,381.74,456.51,528.82
145.03,187.56,222.64,296.71,382.82,457.59,529.93
146.23,188.53,223.62,297.81,383.90,458.68,531.01
147.29,189.51,224.60,298.88,384.99,459.78,532.35
148.55,190.49,225.57,299.97,386.58,460.88,559.09
151.88,191.37,232.02,301.04,417.49,461.95,579.87
152.83,192.43,237.62,302.14,420.59,463.06,581.95
159.07,193.42,238.60,303.20,421.68,464.63,583.11
161.59,194.39,244.22,315.43,440.50,495.84,600.34
163.00,210.00,269.00,350.00,489.00,550.00,627.00
164.63,212.10,271.69,353.50,493.89,555.50,633.27
166.26,214.20,274.38,357.00,498.78,561.00,639.54
167.89,216.30,277.07,360.50,503.67,566.50,645.81
169.52,218.40,279.76,364.00,508.56,572.00,652.08
171.15,220.50,282.45,367.50,513.45,577.50,658.35
172.78,222.60,285.14,371.00,518.34,583.00,664.62
174.41,224.70,287.83,374.50,523.23,588.50,670.89
176.04,226.80,290.52,378.00,528.12,594.00,677.16
177.67,228.90,293.21,381.50,533.01,599.50,683.43
179.30,231.00,295.90,385.00,537.90,605.00,689.70
180.93,233.10,298.59,388.50,542.79,610.50,695.97
182.56,235.20,301.28,392.00,547.68,616.00,702.24
184.19,237.30,303.97,395.50,552.57,621.50,708.51
185.82,239.40,306.66,399.00,557.46,627.00,714.78
187.45,241.50,309.35,402.50,562.35,632.50,721.05
189.08,243.60,312.04,406.00,567.24,638.00,727.32
190.71,245.70,314.73,409.50,572.13,643.50,733.59
192.34,247.80,317.42,413.00,577.02,649.00,739.86
193.97,249.90,320.11,416.50,581.91,654.50,746.13
195.60,252.00,322.80,420.00,586.80,660.00,752.40
197.23,254.10,325.49,423.50,591.69,665.50,758.67
198.86,256.20,328.18,427.00,596.58,671.00,764.94
200.49,258.30,330.87,430.50,601.47,676.50,771.21
202.12,260.40,333.56,434.00,606.36,682.00,777.48
203.75,262.50,336.25,437.50,611.25,687.50,783.75
205.38,264.60,338.94,441.00,616.14,693.00,790.02
207.01,266.70,341.63,444.50,621.03,698.50,796.29
208.64,268.80,344.32,448.00,625.92,704.00,802.56
210.27,270.90,347.01,451.50,630.81,709.50,808.83
211.90,273.00,349.70,455.00,635.70,715.00,815.10
213.53,275.10,352.39,458.50,640.59,720.50,821.37
215.16,277.20,355.08,462.00,645.48,726.00,827.64
216.79,279.30,357.77,465.50,650.37,731.50,833.91
218.42,281.40,360.46,469.00,655.26,737.00,840.18
220.05,283.50,363.15,472.50,660.15,742.50,846.45
221.68,285.60,365.84,476.00,665.04,748.00,852.72
223.31,287.70,368.53,479.50,669.93,753.50,858.99
224.94,289.80,371.22,483.00,674.82,759.00,865.26
226.57,291.90,373.91,486.50,679.71,764.50,871.53
228.20,294.00,376.60,490.00,684.60,770.00,877.80
229.83,296.10,379.29,493.50,689.49,775.50,884.07
231.46,298.20,381.98,497.00,694.38,781.00,890.34
233.09,300.30,384.67,500.50,699.27,786.50,896.61
234.72,302.40,387.36,504.00,704.16,792.00,902.88
236.35,304.50,390.05,507.50,709.05,797.50,909.15
237.98,306.60,392.74,511.00,713.94,803.00,915.42
239.61,308.70,395.43,514.50,718.83,808.50,921.69
241.24,310.80,398.12,518.00,723.72,814.00,927.96
242.87,312.90,400.81,521.50,728.61,819.50,934.23
244.50,315.00,403.50,525.00,733.50,825.00,940.50